depth	min95%	max95%	best	accrate
0	-56	-24	-46	4.77
1	-53	-19	-42	4.77
2	-49	-13	-37	4.77
3	-45	-6	-32	4.76
4	-42	0	-27	4.76
5	-39	7	-23	4.76
6	-35	12	-18	4.75
7	-32	18	-13	4.74
8	-28	24	-8	4.74
9	-25	30	-4	4.73
10	-22	37	1	4.72
11	-19	43	6	4.71
12	-16	50	11	4.7
13	-13	58	15	4.69
14	-10	65	20	4.67
15	-7	71	25	4.66
16	-4	77	29	4.65
17	-1	84	34	4.63
18	2	92	39	4.62
19	4	99	43	4.6
20	7	106	48	4.58
21	10	113	52	4.56
22	13	119	57	4.54
23	16	126	62	4.52
24	19	132	66	4.5
25	21	139	71	4.48
26	24	145	75	4.45
27	27	152	79	4.43
28	30	157	84	4.4
29	32	163	88	4.38
30	35	170	93	4.35
31	38	176	97	4.32
32	41	182	101	4.29
33	44	188	106	4.27
34	46	194	110	4.24
35	49	200	114	4.21
36	52	206	118	4.18
37	55	211	123	4.16
38	58	217	127	4.13
39	61	222	131	4.1
40	63	227	135	4.08
41	66	233	139	4.05
42	69	238	143	4.02
43	72	243	147	4
44	75	248	151	3.97
45	77	253	155	3.95
46	80	258	159	3.92
47	83	263	163	3.89
48	86	267	167	3.87
49	89	272	171	3.84
50	91	276	175	3.82
51	94	281	178	3.79
52	97	285	182	3.77
53	99	289	186	3.74
54	102	293	190	3.72
55	105	297	193	3.7
56	108	301	197	3.67
57	111	305	201	3.65
58	113	309	204	3.62
59	116	313	208	3.6
60	119	317	212	3.58
61	122	320	215	3.55
62	125	324	219	3.53
63	127	328	222	3.51
64	130	331	226	3.48
65	133	334	229	3.46
66	136	338	233	3.44
67	139	342	236	3.42
68	142	345	240	3.39
69	145	349	243	3.37
70	147	352	246	3.35
71	150	355	250	3.33
72	153	359	253	3.31
73	156	362	256	3.29
74	158	365	260	3.26
75	161	368	263	3.24
76	164	371	266	3.22
77	166	374	269	3.2
78	169	377	273	3.18
79	172	380	276	3.16
80	175	383	279	3.14
81	177	386	282	3.12
82	180	388	285	3.1
83	183	390	288	3.08
84	186	393	291	3.06
85	189	396	294	3.04
86	192	398	297	3.02
87	194	401	300	3
88	197	403	303	2.98
89	200	406	306	2.97
90	203	408	309	2.95
91	205	411	312	2.93
92	208	413	315	2.91
93	211	415	318	2.89
94	214	417	321	2.87
95	216	420	324	2.86
96	219	422	327	2.84
97	222	424	330	2.82
98	224	426	332	2.8
99	227	428	335	2.79
100	230	431	338	2.77
101	233	433	341	2.75
102	235	435	344	2.73
103	238	437	346	2.72
104	241	439	349	2.7
105	244	442	352	2.69
106	246	444	354	2.67
107	249	446	357	2.65
108	252	448	360	2.64
109	255	450	362	2.62
110	257	452	365	2.61
111	260	454	368	2.59
112	263	456	370	2.58
113	265	458	373	2.56
114	268	460	375	2.55
115	270	462	378	2.53
116	272	464	380	2.52
117	275	466	383	2.5
118	277	467	385	2.49
119	280	469	388	2.47
120	282	471	390	2.46
121	285	473	393	2.45
122	287	475	395	2.43
123	289	476	398	2.42
124	292	478	400	2.41
125	294	480	403	2.39
126	296	481	405	2.38
127	298	483	407	2.37
128	301	484	410	2.35
129	303	486	412	2.34
130	305	488	414	2.33
131	308	489	417	2.32
132	310	490	419	2.31
133	312	492	421	2.29
134	314	494	424	2.28
135	316	497	426	2.27
136	318	499	428	2.26
137	321	501	430	2.25
138	324	503	433	2.24
139	325	505	435	2.23
140	328	508	437	2.23
141	329	510	439	2.22
142	332	512	442	2.21
143	333	514	444	2.21
144	335	517	446	2.21
145	337	519	448	2.2
146	339	521	450	2.2
147	341	524	453	2.2
148	343	526	455	2.2
149	345	529	457	2.2
150	347	532	459	2.2
151	349	535	461	2.21
152	351	538	464	2.21
153	353	540	466	2.21
154	355	543	468	2.22
155	357	545	470	2.22
156	359	548	473	2.23
157	362	551	475	2.24
158	364	553	477	2.25
159	366	556	479	2.26
160	367	558	482	2.27
161	369	560	484	2.28
162	371	563	486	2.29
163	372	566	488	2.3
164	375	569	491	2.32
165	377	572	493	2.33
166	380	574	495	2.35
167	382	577	498	2.37
168	384	580	500	2.38
169	386	582	502	2.4
170	388	585	505	2.42
171	390	588	507	2.44
172	392	591	510	2.46
173	394	594	512	2.48
174	396	597	515	2.51
175	399	600	517	2.53
176	401	603	520	2.56
177	403	606	522	2.58
178	406	609	525	2.61
179	409	612	527	2.63
180	412	616	530	2.66
181	414	619	533	2.69
182	417	622	535	2.72
183	419	625	538	2.75
184	422	628	541	2.78
185	424	631	544	2.82
186	426	635	546	2.85
187	427	638	549	2.88
188	429	641	552	2.92
189	431	645	555	2.95
190	434	648	558	2.99
191	437	651	561	3.03
192	440	654	564	3.07
193	443	658	567	3.11
194	446	662	570	3.15
195	449	665	573	3.19
196	450	669	577	3.23
197	452	672	580	3.27
198	455	676	583	3.32
199	458	680	586	3.36
200	461	683	590	3.41
201	464	687	593	3.46
202	467	691	597	3.5
203	470	695	600	3.55
204	473	699	604	3.6
205	475	702	607	3.65
206	477	706	611	3.7
207	480	710	615	3.75
208	482	714	618	3.81
209	485	718	622	3.86
210	488	722	626	3.92
211	490	726	630	3.97
212	494	730	634	4.03
213	498	734	638	4.08
214	502	738	642	4.14
215	504	742	646	4.2
216	507	747	650	4.26
217	511	751	655	4.32
218	514	755	659	4.38
219	518	760	663	4.45
220	522	764	668	4.51
221	526	769	672	4.57
222	531	774	677	4.64
223	534	778	682	4.7
224	538	783	686	4.77
225	542	787	691	4.84
226	547	792	696	4.91
227	552	797	701	4.98
228	557	802	706	5.05
229	561	807	711	5.12
230	566	812	716	5.19
231	571	817	721	5.26
232	576	822	726	5.34
233	580	827	732	5.41
234	583	832	737	5.49
235	586	837	743	5.56
236	590	842	748	5.64
237	594	847	754	5.72
238	597	852	760	5.8
239	601	858	765	5.88
240	605	863	771	5.96
241	609	869	777	6.04
242	613	875	783	6.13
243	617	880	789	6.21
244	623	886	796	6.29
245	629	892	802	6.38
246	633	898	808	6.46
247	638	904	815	6.55
248	643	910	821	6.64
249	649	916	828	6.73
250	659	923	835	6.82
251	665	929	841	6.91
252	670	935	848	7
253	676	942	855	7.09
254	681	948	862	7.19
255	686	955	870	7.28
256	692	961	877	7.38
257	698	968	884	7.47
258	705	975	892	7.57
259	712	982	899	7.67
260	719	989	907	7.76
261	725	996	915	7.86
262	731	1004	923	7.96
263	737	1011	931	8.07
264	744	1018	939	8.17
265	751	1026	947	8.27
266	758	1033	955	8.37
267	765	1041	963	8.48
268	773	1048	972	8.59
269	780	1056	981	8.69
270	788	1063	989	8.8
271	796	1071	998	8.91
272	804	1080	1007	9.02
273	813	1088	1016	9.13
274	822	1096	1025	9.24
275	830	1105	1034	9.35
276	839	1113	1044	9.46
277	848	1122	1053	9.58
278	858	1130	1063	9.69
279	867	1139	1072	9.81
280	876	1149	1082	9.92
281	886	1158	1092	10.04
282	896	1167	1102	10.16
283	906	1177	1112	10.28
284	916	1188	1123	10.4
285	926	1197	1133	10.52
286	937	1207	1143	10.64
287	947	1218	1154	10.76
288	958	1229	1165	10.88
289	968	1242	1176	11.01
290	979	1256	1187	11.13
291	990	1271	1198	11.26
292	1000	1287	1209	11.38
293	1011	1301	1221	11.51
294	1022	1316	1232	11.64
295	1034	1330	1244	11.77
296	1045	1347	1255	11.9
297	1056	1362	1267	12.03
298	1067	1377	1279	12.16
299	1079	1394	1292	12.3
300	1090	1411	1304	12.44
301	1102	1429	1316	12.59
302	1114	1445	1329	12.74
303	1126	1462	1342	12.9
304	1140	1480	1355	13.06
305	1154	1497	1368	13.23
306	1167	1516	1381	13.4
307	1182	1536	1394	13.58
308	1196	1555	1408	13.76
309	1211	1573	1422	13.95
310	1225	1591	1436	14.14
311	1240	1611	1450	14.34
312	1253	1631	1464	14.54
313	1267	1652	1479	14.75
314	1283	1672	1493	14.96
315	1299	1693	1508	15.18
316	1315	1714	1523	15.4
317	1331	1735	1539	15.63
318	1347	1756	1554	15.86
319	1364	1777	1570	16.1
320	1381	1798	1586	16.34
321	1398	1820	1603	16.59
322	1414	1842	1619	16.84
323	1429	1864	1636	17.1
324	1445	1887	1653	17.36
325	1461	1910	1671	17.63
326	1477	1933	1688	17.91
327	1494	1956	1706	18.18
328	1511	1978	1724	18.47
329	1530	2002	1743	18.75
330	1549	2025	1762	19.05
331	1567	2049	1781	19.35
332	1584	2073	1800	19.65
333	1603	2097	1820	19.96
334	1623	2122	1840	20.27
335	1641	2147	1860	20.59
336	1659	2173	1880	20.91
337	1677	2199	1901	21.24
338	1696	2225	1923	21.57
339	1716	2251	1944	21.91
340	1736	2278	1966	22.26
341	1757	2304	1988	22.6
342	1779	2331	2011	22.96
343	1802	2359	2034	23.32
344	1825	2386	2057	23.68
345	1848	2414	2081	24.05
346	1871	2443	2105	24.42
347	1895	2471	2129	24.8
348	1918	2501	2154	25.18
349	1942	2531	2179	25.57
350	1967	2561	2205	25.97
351	1992	2592	2231	26.37
352	2019	2623	2257	26.77
353	2047	2654	2284	27.18
354	2075	2686	2311	27.59
355	2103	2718	2339	28.01
356	2133	2750	2367	28.44
357	2162	2782	2395	28.86
358	2190	2815	2424	29.3
359	2220	2848	2453	29.74
360	2248	2882	2483	30.18
361	2275	2916	2513	30.63
362	2304	2950	2544	31.08
363	2335	2984	2575	31.54
364	2366	3019	2607	32.01
365	2399	3054	2639	32.48
366	2430	3089	2671	32.94
367	2462	3125	2704	33.4
368	2496	3161	2737	33.85
369	2530	3197	2771	34.3
370	2563	3234	2806	34.74
371	2598	3270	2840	35.17
372	2634	3308	2876	35.6
373	2671	3345	2911	36.03
374	2709	3383	2947	36.45
375	2743	3421	2984	36.86
376	2779	3459	3020	37.27
377	2815	3498	3058	37.67
378	2850	3537	3095	38.07
379	2886	3576	3133	38.46
380	2923	3616	3172	38.85
381	2964	3656	3211	39.23
382	3004	3697	3250	39.6
383	3045	3737	3290	39.97
384	3086	3776	3330	40.33
385	3124	3817	3370	40.69
386	3167	3858	3411	41.04
387	3208	3899	3452	41.39
388	3250	3941	3493	41.73
389	3292	3983	3535	42.07
390	3331	4025	3577	42.4
391	3371	4068	3619	42.72
392	3410	4111	3662	43.04
393	3450	4154	3705	43.36
394	3490	4197	3748	43.66
395	3532	4241	3792	43.97
396	3573	4284	3836	44.26
397	3614	4328	3880	44.55
398	3657	4372	3925	44.84
399	3698	4417	3970	45.12
400	3740	4461	4015	45.39
401	3783	4505	4060	45.66
402	3828	4550	4106	45.93
403	3870	4594	4152	46.18
404	3913	4639	4198	46.44
405	3956	4685	4244	46.68
406	3999	4730	4291	46.92
407	4043	4776	4338	47.16
408	4090	4822	4385	47.39
409	4134	4868	4433	47.61
410	4179	4914	4480	47.83
411	4225	4960	4528	48.04
412	4271	5007	4576	48.25
413	4317	5053	4624	48.45
414	4364	5100	4673	48.65
415	4410	5147	4721	48.84
416	4457	5194	4770	49.03
417	4505	5241	4819	49.21
418	4552	5288	4868	49.38
419	4600	5337	4918	49.55
420	4648	5385	4967	49.71
421	4696	5434	5017	49.87
422	4744	5483	5067	50.02
423	4793	5531	5117	50.17
424	4842	5579	5167	50.31
425	4890	5627	5217	50.45
426	4940	5675	5268	50.58
427	4989	5723	5318	50.7
428	5038	5770	5369	50.82
429	5088	5817	5420	50.93
430	5137	5864	5471	51.04
431	5187	5910	5522	51.14
432	5235	5957	5573	51.24
433	5285	6004	5624	51.33
434	5336	6051	5676	51.41
435	5386	6099	5727	51.49
436	5437	6149	5779	51.57
437	5488	6199	5830	51.63
438	5538	6247	5882	51.7
439	5589	6294	5933	51.76
440	5640	6341	5985	51.81
441	5691	6389	6037	51.85
442	5742	6436	6089	51.89
443	5792	6483	6141	51.93
444	5842	6531	6193	51.96
445	5892	6579	6245	51.98
446	5942	6628	6297	52
447	5993	6676	6349	52.01
448	6043	6725	6401	52.02
449	6094	6775	6453	52.02
450	6144	6824	6505	52.02
451	6195	6874	6557	52.01
452	6246	6923	6609	51.99
453	6297	6973	6661	51.97
454	6349	7022	6713	51.95
455	6400	7069	6765	51.92
456	6451	7119	6817	51.88
457	6503	7166	6868	51.84
458	6554	7213	6920	51.79
459	6605	7262	6972	51.73
460	6657	7311	7024	51.67
461	6709	7362	7075	51.61
462	6760	7414	7127	51.54
463	6812	7461	7179	51.46
464	6864	7508	7230	51.38
465	6915	7558	7281	51.29
466	6967	7605	7333	51.2
467	7019	7652	7384	51.1
468	7071	7701	7435	51
469	7122	7750	7486	50.89
470	7173	7799	7537	50.77
471	7225	7848	7588	50.65
472	7276	7896	7638	50.53
473	7327	7944	7689	50.39
474	7378	7991	7739	50.26
475	7430	8038	7790	50.11
476	7481	8085	7840	49.96
477	7532	8132	7890	49.81
478	7583	8178	7939	49.65
479	7635	8227	7989	49.49
480	7686	8274	8039	49.31
481	7737	8320	8088	49.14
482	7788	8370	8137	48.96
483	7838	8418	8186	48.77
484	7887	8467	8235	48.58
485	7937	8515	8283	48.38
486	7987	8562	8332	48.18
487	8036	8609	8380	47.99
488	8086	8654	8428	47.79
489	8135	8700	8476	47.6
490	8185	8747	8523	47.41
491	8236	8792	8571	47.22
492	8288	8837	8618	47.04
493	8339	8879	8665	46.85
494	8390	8925	8712	46.67
495	8441	8971	8758	46.49
496	8491	9016	8805	46.31
497	8541	9061	8851	46.13
498	8591	9106	8897	45.95
499	8641	9150	8943	45.78
500	8691	9198	8989	45.61
501	8741	9241	9035	45.44
502	8790	9285	9080	45.27
503	8839	9329	9125	45.1
504	8888	9373	9171	44.94
505	8938	9417	9215	44.77
506	8988	9461	9260	44.61
507	9036	9505	9305	44.45
508	9085	9549	9349	44.29
509	9135	9593	9394	44.13
510	9185	9637	9438	43.98
511	9233	9680	9482	43.83
512	9280	9723	9526	43.68
513	9327	9764	9569	43.53
514	9373	9804	9613	43.38
515	9420	9844	9656	43.23
516	9466	9886	9699	43.09
517	9513	9931	9742	42.94
518	9559	9975	9785	42.8
519	9605	10019	9828	42.66
520	9651	10062	9871	42.53
521	9697	10105	9913	42.39
522	9742	10147	9956	42.26
523	9788	10189	9998	42.13
524	9834	10232	10040	42
525	9881	10274	10082	41.87
526	9926	10314	10124	41.74
527	9971	10359	10166	41.61
528	10016	10402	10207	41.49
529	10061	10445	10249	41.37
530	10105	10487	10290	41.25
531	10149	10529	10331	41.13
532	10193	10572	10373	41.01
533	10237	10614	10414	40.9
534	10280	10655	10455	40.79
535	10324	10697	10495	40.68
536	10367	10739	10536	40.57
537	10412	10781	10577	40.46
538	10454	10823	10617	40.36
539	10496	10864	10657	40.26
540	10539	10907	10698	40.16
541	10581	10951	10738	40.07
542	10624	10994	10778	39.98
543	10666	11035	10818	39.89
544	10709	11076	10858	39.81
545	10752	11117	10898	39.74
546	10794	11158	10937	39.66
547	10836	11198	10977	39.59
548	10877	11240	11017	39.53
549	10917	11280	11056	39.46
550	10957	11320	11096	39.41
551	10999	11361	11135	39.35
552	11039	11402	11174	39.3
553	11079	11442	11214	39.25
554	11121	11483	11253	39.21
555	11162	11523	11292	39.17
556	11200	11564	11331	39.14
557	11239	11605	11370	39.1
558	11279	11646	11409	39.08
559	11319	11686	11449	39.05
560	11357	11727	11488	39.03
561	11396	11766	11527	39
562	11435	11806	11566	38.98
563	11473	11846	11605	38.96
564	11511	11885	11644	38.94
565	11549	11925	11682	38.91
566	11587	11965	11721	38.89
567	11625	12003	11760	38.87
568	11663	12043	11799	38.85
569	11702	12083	11838	38.82
570	11740	12123	11877	38.8
571	11779	12162	11916	38.78
572	11818	12201	11954	38.76
573	11857	12241	11993	38.74
574	11895	12280	12032	38.72
575	11934	12319	12071	38.7
576	11972	12357	12109	38.68
577	12010	12395	12148	38.66
578	12048	12433	12187	38.64
579	12087	12472	12225	38.62
580	12125	12510	12264	38.6
581	12164	12549	12302	38.58
582	12202	12587	12341	38.56
583	12239	12626	12380	38.54
584	12277	12664	12418	38.52
585	12315	12703	12457	38.5
586	12353	12741	12495	38.48
587	12391	12778	12534	38.47
588	12429	12817	12572	38.45
589	12467	12855	12611	38.43
590	12505	12893	12649	38.41
591	12542	12932	12687	38.39
592	12580	12970	12726	38.38
593	12618	13008	12764	38.36
594	12657	13045	12803	38.34
595	12695	13083	12841	38.33
596	12733	13121	12879	38.31
597	12772	13160	12918	38.3
598	12810	13199	12956	38.28
599	12848	13237	12994	38.26
600	12886	13274	13032	38.25
601	12924	13311	13071	38.23
602	12961	13347	13109	38.22
603	12999	13385	13147	38.2
604	13037	13423	13185	38.19
605	13075	13460	13223	38.18
606	13112	13497	13262	38.16
607	13151	13534	13300	38.15
608	13189	13572	13338	38.13
609	13226	13610	13376	38.12
610	13264	13648	13414	38.11
611	13302	13685	13452	38.09
612	13340	13723	13490	38.08
613	13378	13761	13528	38.07
614	13416	13797	13567	38.06
615	13454	13834	13605	38.04
616	13493	13870	13643	38.03
617	13531	13904	13681	38.02
618	13569	13940	13719	38.01
619	13608	13977	13757	38
620	13646	14013	13795	37.99
621	13684	14048	13833	37.97
622	13722	14087	13871	37.96
623	13760	14124	13909	37.95
624	13798	14160	13947	37.94
625	13836	14196	13985	37.93
626	13874	14232	14022	37.92
627	13912	14268	14060	37.91
628	13949	14304	14098	37.9
629	13987	14341	14136	37.9
630	14025	14377	14174	37.89
631	14062	14413	14212	37.88
632	14100	14451	14250	37.87
633	14138	14488	14288	37.86
634	14176	14525	14326	37.85
635	14214	14562	14363	37.84
636	14252	14600	14401	37.84
637	14290	14636	14439	37.83
638	14328	14674	14477	37.82
639	14366	14712	14515	37.81
640	14403	14748	14553	37.81
641	14441	14785	14590	37.8
642	14478	14822	14628	37.79
643	14516	14858	14666	37.79
644	14553	14894	14704	37.78
645	14591	14933	14742	37.78
646	14628	14970	14779	37.77
647	14666	15007	14817	37.76
648	14704	15046	14855	37.76
649	14742	15085	14893	37.75
650	14780	15123	14930	37.75
651	14818	15162	14968	37.75
652	14855	15201	15006	37.74
653	14893	15240	15044	37.74
654	14931	15278	15081	37.73
655	14969	15317	15119	37.73
656	15006	15355	15157	37.73
657	15044	15395	15195	37.72
658	15082	15432	15232	37.72
659	15120	15469	15270	37.72
660	15157	15508	15308	37.71
661	15194	15545	15345	37.71
662	15232	15583	15383	37.71
663	15270	15623	15421	37.71
664	15308	15661	15459	37.7
665	15345	15700	15496	37.7
666	15382	15738	15534	37.7
667	15419	15776	15572	37.7
668	15456	15813	15609	37.7
669	15493	15849	15647	37.7
670	15529	15886	15685	37.7
671	15567	15923	15722	37.7
672	15605	15961	15760	37.7
673	15642	15998	15798	NA
